demo()
colors()
hclcolors()
colors
hcl()
a <- list(a,b,c)
a <- list(1,2,3)
a
a[2]
a[[2]]
install.packages("ggplot2")
install.packages("reshape2")
install.packages("ggplot2", lib="/data/Rpackages/")
sdh
exit
nu=c(16.82,16.85,15.94,15.95,16.647)
snu=c(0.01,0.01,0.01,0.01,0.007)
B=c(407,407,407,407,388)*0.001
sB=0.0005
gamma=2*pi*nu/B
sgamma=sqrt((sB/B)^2+(snu/nu)^2)*gamma
gamma=2.0*pi*nu/B
gamma=1.5/1.5*2.0*pi*nu/B
2*pi*nu
2*pi*nu/B
gamma
gamma=2*pi*nu/B
gamma
h=6.626*10^(-34)
muk=5.05*10^(-27)
gI=nu*h/(muk*B)
sgI=sqrt((sB/B)^2+(snu/nu)^2)*gI
for(i in 1:5){
cat(paste("[",i,"] gamma = ",gamma," +- ",sgamma,"\n","gI = ",gI," +- ",sgI,"\n",sep=""))
}
for(i in 1:5){
cat(paste("[",i,"] gamma = ",gamma[i]," +- ",sgamma[i],"\n","gI = ",gI[i]," +- ",sgI[i],"\n",sep=""))
}
nu=nu*10^6
gI=nu*h/(muk*B)
sgI=sqrt((sB/B)^2+(snu/nu)^2)*gI
gamma
sgamma=sqrt((sB/B)^2+(snu/nu)^2)*gamma
gamma=2*pi*nu/B
sgamma=sqrt((sB/B)^2+(snu/nu)^2)*gamma
for(i in 1:5){
cat(paste("[",i,"] gamma = ",gamma[i]," +- ",sgamma[i],"\n","gI = ",gI[i]," +- ",sgI[i],"\n",sep=""))
}
mI=1/2
mI
mu=gI*muk*mI
smu=muk*mI*sgI
mu
smu
mu*10^26
smu*10^26
B=407
gamma=2*pi*nu/B
gamma
B=388
gamma=2*pi*nu/B
gamma
gI=nu*h/(muk*B)
gI
B=400
gI=nu*h/(muk*B)
gI
B=395
gI=nu*h/(muk*B)
gI
snu
source('~/Dokumente/Uni/FS 6/FP 1/fp1-nmr/data/bla.R')
source('~/Dokumente/Uni/FS 6/FP 1/fp1-nmr/data/bla.R')
summary(fm1)
sinus
sin
source('~/Dokumente/Uni/FS 6/FP 1/fp1-squid/Auswertung/Magnetfeld-Dipol.R')
source('~/Dokumente/Uni/FS 6/FP 1/fp1-squid/Auswertung/Magnetfeld-Dipol.R')
source('~/Dokumente/Uni/FS 6/FP 1/fp1-squid/Auswertung/Magnetfeld-Dipol.R')
source('~/Dokumente/Uni/FS 6/FP 1/fp1-squid/Auswertung/Magnetfeld-Dipol.R')
source('~/Dokumente/Uni/FS 6/FP 1/fp1-squid/Auswertung/Magnetfeld-Dipol.R')
source('~/Dokumente/Uni/FS 6/FP 1/fp1-squid/Auswertung/Magnetfeld-Dipol.R')
source('~/Dokumente/Uni/FS 6/FP 1/fp1-squid/Auswertung/Magnetfeld-Dipol.R')
source('~/Dokumente/Uni/FS 6/FP 1/fp1-squid/Auswertung/Magnetfeld-Dipol.R')
source('~/Dokumente/Uni/FS 6/FP 1/fp1-squid/Auswertung/Magnetfeld-Dipol.R')
source('~/Dokumente/Uni/FS 6/FP 1/fp1-squid/Auswertung/Magnetfeld-Dipol.R')
source('~/Dokumente/Uni/FS 6/FP 1/fp1-hanle/r-files/init.R')
source('~/Dokumente/Uni/FS 6/FP 1/fp1-hanle/r-files/auswertung.R')
source('~/Dokumente/Uni/FS 6/FP 1/fp1-hanle/r-files/auswertung.R')
source('~/Dokumente/Uni/FS 6/FP 1/fp1-hanle/r-files/auswertung.R')
source('~/Dokumente/Uni/FS 6/FP 1/fp1-hanle/r-files/auswertung.R')
source('~/Dokumente/Uni/FS 6/FP 1/fp1-hanle/r-files/auswertung.R')
source('~/Dokumente/Uni/FS 6/FP 1/fp1-hanle/r-files/auswertung.R')
source('~/Dokumente/Uni/FS 6/FP 1/fp1-hanle/r-files/auswertung.R')
source('~/Dokumente/Uni/FS 6/FP 1/fp1-hanle/r-files/auswertung.R')
source('~/Dokumente/Uni/FS 6/FP 1/fp1-hanle/r-files/auswertung.R')
source('~/Dokumente/Uni/FS 6/FP 1/fp1-hanle/r-files/auswertung.R')
source('~/Dokumente/Uni/FS 6/FP 1/fp1-hanle/r-files/auswertung.R')
source('~/Dokumente/Uni/FS 6/FP 1/fp1-hanle/r-files/auswertung.R')
help(plotCI)
source('~/Dokumente/Uni/FS 6/FP 1/fp1-hanle/r-files/aufwaermen.R')
warnings()
sig = matrix(c( 0.002223462, -0.039761786,  0.038596482, -0.057150539,  0.104904983, -0.048841224,
-0.039761786,  0.713627443, -0.693021642,  1.050624836, -1.931983155,  0.901047084,
0.038596482, -0.693021642,  0.673047757, -1.023299883,  1.882148471, -0.877990861,
-0.057150539,  1.050624836, -1.023299883,  1.805980893, -3.35831368,   1.583127006,
0.104904983, -1.931983155,  1.882148471, -3.35831368,   6.249787823, -2.948350916,
-0.048841224,  0.901047084, -0.877990861,  1.583127006, -2.948350916,  1.391862893),
nrow=6, ncol=6,
byrow=TRUE
)
Tc=1764
pc=167000000
a=c()
a[1]=-4.57618368
a[2]=-1.40726277
a[3]=2.36263541
a[4]=-31.0889985
a[5]=58.0183959
a[6]=-27.6304546
x=c(1,1.89,2,8,8.5,9)
Tr=(1-T/Tc)
dpdT=-1/Tc*p/(1-Tr)*sum((a*Tr^x)*(-1/(1-Tr)+x/Tr))
dpdT=-1/Tc*c(1,2,3)/(1-Tr)*sum((a*Tr^x)*(-1/(1-Tr)+x/Tr))
dpda=p/(1-Tr)*Tr^x
p=c(1,2,3)
p=P0
dpdT=-1/Tc*c(1,2,3)/(1-Tr)*sum((a*Tr^x)*(-1/(1-Tr)+x/Tr))
dpda=p/(1-Tr)*Tr^x
